%YAML:1.0
fps: 60
